{
  "generated_at": "2026-04-22",
  "source_phase6": "/Users/renaissancefieldlite1.0/Documents/Playground/RICK_NON_PROVISIONAL/05_activation_mapping/results/v8_phase6_pennylane_encoding_2026-04-22/v8_phase6_pennylane_encoding_data_2026-04-22.json",
  "qiskit_version_note": "Qiskit statevector simulation via qiskit.quantum_info.Statevector",
  "models": [
    "Mistral",
    "Qwen",
    "Gemma",
    "DeepSeek",
    "Hermes",
    "GLM",
    "Nemotron",
    "SmolLM3"
  ],
  "features": [
    "peak_percentile",
    "band_width",
    "target_peak",
    "last_peak",
    "phase3_last_to_target",
    "target_to_context",
    "target_to_surround",
    "phase5_last_to_target",
    "anchor_layer_span",
    "overlap_count",
    "overlap_jaccard",
    "dominant_anchor_code"
  ],
  "qiskit_angle_fidelity_matrix": [
    [
      1.0,
      0.08242291879672393,
      0.003173466206622563,
      9.867678822988194e-34,
      0.7952235261553449,
      0.02776029290564121,
      1.710675526472961e-67,
      7.444252639918645e-67
    ],
    [
      0.08242291879672393,
      1.0000000000000004,
      1.9963671102764193e-33,
      1.3278762610520507e-33,
      1.9159522558849524e-33,
      0.0021779852393630787,
      2.53766110065913e-66,
      8.949280963826621e-66
    ],
    [
      0.003173466206622563,
      1.9963671102764193e-33,
      1.0,
      1.371197876387332e-66,
      9.691163280046999e-35,
      0.00016121015369698603,
      7.0640998647759746e-99,
      3.816203940345773e-67
    ],
    [
      9.867678822988194e-34,
      1.3278762610520507e-33,
      1.371197876387332e-66,
      1.0000000000000004,
      2.8112976186609787e-34,
      3.4674841412875125e-34,
      1.0238351641565445e-33,
      2.88803223956525e-34
    ],
    [
      0.7952235261553449,
      1.9159522558849524e-33,
      9.691163280046999e-35,
      2.8112976186609787e-34,
      1.0,
      0.029426443937098107,
      5.849748665586169e-99,
      1.4350243698491578e-98
    ],
    [
      0.02776029290564121,
      0.0021779852393630787,
      0.00016121015369698603,
      3.4674841412875125e-34,
      0.029426443937098107,
      0.9999999999999996,
      3.981137227563324e-67,
      3.2106197336607397e-131
    ],
    [
      1.710675526472961e-67,
      2.53766110065913e-66,
      7.0640998647759746e-99,
      1.0238351641565445e-33,
      5.849748665586169e-99,
      3.981137227563324e-67,
      0.9999999999999991,
      0.026543050987983794
    ],
    [
      7.444252639918645e-67,
      8.949280963826621e-66,
      3.816203940345773e-67,
      2.88803223956525e-34,
      1.4350243698491578e-98,
      3.2106197336607397e-131,
      0.026543050987983794,
      0.9999999999999996
    ]
  ],
  "qiskit_amplitude_fidelity_matrix": [
    [
      1.0,
      0.8068153322426443,
      0.6956905132475839,
      0.6702129432713746,
      0.9854513665978878,
      0.8311790636022868,
      0.44383385301355016,
      0.4644231089686283
    ],
    [
      0.8068153322426443,
      0.9999999999999998,
      0.8105880167313241,
      0.6704704822770382,
      0.7372569068379942,
      0.7603969748808226,
      0.5578178935863449,
      0.5689392432596009
    ],
    [
      0.6956905132475839,
      0.8105880167313241,
      1.0000000000000004,
      0.522003751542923,
      0.6415090743851325,
      0.6606182929462161,
      0.4711545328027016,
      0.5106811750261037
    ],
    [
      0.6702129432713746,
      0.6704704822770382,
      0.522003751542923,
      0.9999999999999996,
      0.6370081437389401,
      0.7160940191239099,
      0.7477470597350848,
      0.6383270275404447
    ],
    [
      0.9854513665978878,
      0.7372569068379942,
      0.6415090743851325,
      0.6370081437389401,
      1.0,
      0.8161517651620855,
      0.4217038839018631,
      0.41595214474832665
    ],
    [
      0.8311790636022868,
      0.7603969748808226,
      0.6606182929462161,
      0.7160940191239099,
      0.8161517651620855,
      1.0000000000000004,
      0.5492331855012412,
      0.3639853847848028
    ],
    [
      0.44383385301355016,
      0.5578178935863449,
      0.4711545328027016,
      0.7477470597350848,
      0.4217038839018631,
      0.5492331855012412,
      0.9999999999999996,
      0.7847790608605353
    ],
    [
      0.4644231089686283,
      0.5689392432596009,
      0.5106811750261037,
      0.6383270275404447,
      0.41595214474832665,
      0.3639853847848028,
      0.7847790608605353,
      1.0
    ]
  ],
  "qiskit_angle_expectations": {
    "Mistral": [
      -0.00022821514212367777,
      -0.9952001108909334,
      -0.01663198646425946,
      -0.010793397917264231,
      0.0026588789822776238,
      -0.002229661158975417,
      0.002148896862189449,
      -0.000530412689714238,
      -0.000530412689714238,
      0.0003750584097242937,
      0.0002807354311808452,
      0.00022711973474842662
    ],
    "Qwen": [
      0.13811407729268238,
      -0.9847834975530971,
      -0.7383514814173217,
      -0.6441498194310091,
      0.3916030117603411,
      -0.2907931851487707,
      0.22608913443870754,
      -0.13601246409760653,
      -0.13601246409760653,
      -0.13601246409760653,
      -0.13601246409760653,
      -0.13601246409760653
    ],
    "Gemma": [
      -0.6879803048117566,
      -0.9972060326540019,
      -0.9234531746219876,
      -0.7320371154582493,
      0.7320371154582493,
      -0.6860581103054229,
      0.6860581103054229,
      -0.6860581103054229,
      -0.6860581103054229,
      -0.6860581103054229,
      -0.6860581103054229,
      0.6860581103054229
    ],
    "DeepSeek": [
      0.0015219710867842018,
      -0.9749478816867128,
      0.5193838345371107,
      0.135423663841115,
      -0.055783062174952575,
      0.006900356460590978,
      -0.004133295057598962,
      0.0021453517190375138,
      -0.0021453517190375138,
      -0.001516992748561652,
      -0.0014838424870486366,
      -0.0014838424870486366
    ],
    "Hermes": [
      -0.0005041114317812512,
      -0.9952001108909332,
      -0.011951346553704988,
      -0.006372689292638546,
      0.0031738588104067017,
      -0.002659001777697581,
      0.0024848464773092604,
      -0.001240247970888425,
      -0.001240247970888425,
      0.001240247970888425,
      0.0006201251102243566,
      0.0005016917528101184
    ],
    "GLM": [
      1.6653345369377348e-16,
      -0.9876883405951375,
      0.9876883405951375,
      -0.9876883405951375,
      0.9876883405951375,
      -0.792032183202892,
      0.7087271100250857,
      -0.7087271100250857,
      -0.7087271100250857,
      -2.220446049250313e-16,
      -2.220446049250313e-16,
      -2.220446049250313e-16
    ],
    "Nemotron": [
      0.009118481973623194,
      0.9888397431230679,
      0.30815509053497936,
      -0.01609529219197614,
      0.01609529219197614,
      0.01258597219455082,
      -0.00901671737246984,
      0.00901671737246984,
      -0.00901671737246984,
      -0.00901671737246984,
      -0.00901671737246984,
      -0.00901671737246984
    ],
    "SmolLM3": [
      0.020511916678416175,
      0.9847834975530965,
      0.9847834975530965,
      0.9847834975530965,
      -0.1725364872749408,
      0.15551089784179284,
      -0.14251125738313103,
      0.02496832228313678,
      -0.02496832228313678,
      -0.02496832228313678,
      -0.02496832228313678,
      -0.02019979704808833
    ]
  },
  "qiskit_amplitude_expectations": {
    "Mistral": [
      0.17776788002267102,
      -0.1558864026440608,
      0.25071687683456545,
      0.5323739300194678
    ],
    "Qwen": [
      0.29908956207927706,
      0.20906332405891098,
      0.33663471768498804,
      0.33663471768498804
    ],
    "Gemma": [
      0.023901047495468022,
      0.37864975484182883,
      0.3048376908394187,
      -0.040125913896637555
    ],
    "DeepSeek": [
      0.5339465100734395,
      0.37494418132014745,
      0.34165861655402874,
      -0.10184120516866962
    ],
    "Hermes": [
      0.05612433305525846,
      -0.17511245992037486,
      0.0596175791419411,
      0.5083221864907084
    ],
    "GLM": [
      0.11045154091198116,
      0.19943968347996818,
      0.005033028981472176,
      0.07513084647327756
    ],
    "Nemotron": [
      0.22232805643322354,
      0.4034872887746601,
      -0.062305520056676444,
      -0.39855263682530717
    ],
    "SmolLM3": [
      0.17295686911755848,
      0.011928525911631987,
      0.35783592364540884,
      -0.054824869281486
    ]
  },
  "cross_framework": {
    "angle_max_abs_delta": 4.440892098500626e-16,
    "amplitude_max_abs_delta": 1.1102230246251565e-15,
    "angle_mean_abs_delta": 4.71636415360667e-17,
    "amplitude_mean_abs_delta": 1.2663481374630692e-16
  },
  "qiskit_angle_nearest_pairs": [
    {
      "pair": [
        "Mistral",
        "Hermes"
      ],
      "fidelity": 0.7952235261553449
    },
    {
      "pair": [
        "Mistral",
        "Qwen"
      ],
      "fidelity": 0.08242291879672393
    },
    {
      "pair": [
        "Hermes",
        "GLM"
      ],
      "fidelity": 0.029426443937098107
    },
    {
      "pair": [
        "Mistral",
        "GLM"
      ],
      "fidelity": 0.02776029290564121
    },
    {
      "pair": [
        "Nemotron",
        "SmolLM3"
      ],
      "fidelity": 0.026543050987983794
    },
    {
      "pair": [
        "Mistral",
        "Gemma"
      ],
      "fidelity": 0.003173466206622563
    },
    {
      "pair": [
        "Qwen",
        "GLM"
      ],
      "fidelity": 0.0021779852393630787
    },
    {
      "pair": [
        "Gemma",
        "GLM"
      ],
      "fidelity": 0.00016121015369698603
    },
    {
      "pair": [
        "Qwen",
        "Gemma"
      ],
      "fidelity": 1.9963671102764193e-33
    },
    {
      "pair": [
        "Qwen",
        "Hermes"
      ],
      "fidelity": 1.9159522558849524e-33
    },
    {
      "pair": [
        "Qwen",
        "DeepSeek"
      ],
      "fidelity": 1.3278762610520507e-33
    },
    {
      "pair": [
        "DeepSeek",
        "Nemotron"
      ],
      "fidelity": 1.0238351641565445e-33
    },
    {
      "pair": [
        "Mistral",
        "DeepSeek"
      ],
      "fidelity": 9.867678822988194e-34
    },
    {
      "pair": [
        "DeepSeek",
        "GLM"
      ],
      "fidelity": 3.4674841412875125e-34
    },
    {
      "pair": [
        "DeepSeek",
        "SmolLM3"
      ],
      "fidelity": 2.88803223956525e-34
    },
    {
      "pair": [
        "DeepSeek",
        "Hermes"
      ],
      "fidelity": 2.8112976186609787e-34
    },
    {
      "pair": [
        "Gemma",
        "Hermes"
      ],
      "fidelity": 9.691163280046999e-35
    },
    {
      "pair": [
        "Qwen",
        "SmolLM3"
      ],
      "fidelity": 8.949280963826621e-66
    },
    {
      "pair": [
        "Qwen",
        "Nemotron"
      ],
      "fidelity": 2.53766110065913e-66
    },
    {
      "pair": [
        "Gemma",
        "DeepSeek"
      ],
      "fidelity": 1.371197876387332e-66
    },
    {
      "pair": [
        "Mistral",
        "SmolLM3"
      ],
      "fidelity": 7.444252639918645e-67
    },
    {
      "pair": [
        "GLM",
        "Nemotron"
      ],
      "fidelity": 3.981137227563324e-67
    },
    {
      "pair": [
        "Gemma",
        "SmolLM3"
      ],
      "fidelity": 3.816203940345773e-67
    },
    {
      "pair": [
        "Mistral",
        "Nemotron"
      ],
      "fidelity": 1.710675526472961e-67
    },
    {
      "pair": [
        "Hermes",
        "SmolLM3"
      ],
      "fidelity": 1.4350243698491578e-98
    },
    {
      "pair": [
        "Gemma",
        "Nemotron"
      ],
      "fidelity": 7.0640998647759746e-99
    },
    {
      "pair": [
        "Hermes",
        "Nemotron"
      ],
      "fidelity": 5.849748665586169e-99
    },
    {
      "pair": [
        "GLM",
        "SmolLM3"
      ],
      "fidelity": 3.2106197336607397e-131
    }
  ],
  "qiskit_amplitude_nearest_pairs": [
    {
      "pair": [
        "Mistral",
        "Hermes"
      ],
      "fidelity": 0.9854513665978878
    },
    {
      "pair": [
        "Mistral",
        "GLM"
      ],
      "fidelity": 0.8311790636022868
    },
    {
      "pair": [
        "Hermes",
        "GLM"
      ],
      "fidelity": 0.8161517651620855
    },
    {
      "pair": [
        "Qwen",
        "Gemma"
      ],
      "fidelity": 0.8105880167313241
    },
    {
      "pair": [
        "Mistral",
        "Qwen"
      ],
      "fidelity": 0.8068153322426443
    },
    {
      "pair": [
        "Nemotron",
        "SmolLM3"
      ],
      "fidelity": 0.7847790608605353
    },
    {
      "pair": [
        "Qwen",
        "GLM"
      ],
      "fidelity": 0.7603969748808226
    },
    {
      "pair": [
        "DeepSeek",
        "Nemotron"
      ],
      "fidelity": 0.7477470597350848
    },
    {
      "pair": [
        "Qwen",
        "Hermes"
      ],
      "fidelity": 0.7372569068379942
    },
    {
      "pair": [
        "DeepSeek",
        "GLM"
      ],
      "fidelity": 0.7160940191239099
    },
    {
      "pair": [
        "Mistral",
        "Gemma"
      ],
      "fidelity": 0.6956905132475839
    },
    {
      "pair": [
        "Qwen",
        "DeepSeek"
      ],
      "fidelity": 0.6704704822770382
    },
    {
      "pair": [
        "Mistral",
        "DeepSeek"
      ],
      "fidelity": 0.6702129432713746
    },
    {
      "pair": [
        "Gemma",
        "GLM"
      ],
      "fidelity": 0.6606182929462161
    },
    {
      "pair": [
        "Gemma",
        "Hermes"
      ],
      "fidelity": 0.6415090743851325
    },
    {
      "pair": [
        "DeepSeek",
        "SmolLM3"
      ],
      "fidelity": 0.6383270275404447
    },
    {
      "pair": [
        "DeepSeek",
        "Hermes"
      ],
      "fidelity": 0.6370081437389401
    },
    {
      "pair": [
        "Qwen",
        "SmolLM3"
      ],
      "fidelity": 0.5689392432596009
    },
    {
      "pair": [
        "Qwen",
        "Nemotron"
      ],
      "fidelity": 0.5578178935863449
    },
    {
      "pair": [
        "GLM",
        "Nemotron"
      ],
      "fidelity": 0.5492331855012412
    },
    {
      "pair": [
        "Gemma",
        "DeepSeek"
      ],
      "fidelity": 0.522003751542923
    },
    {
      "pair": [
        "Gemma",
        "SmolLM3"
      ],
      "fidelity": 0.5106811750261037
    },
    {
      "pair": [
        "Gemma",
        "Nemotron"
      ],
      "fidelity": 0.4711545328027016
    },
    {
      "pair": [
        "Mistral",
        "SmolLM3"
      ],
      "fidelity": 0.4644231089686283
    },
    {
      "pair": [
        "Mistral",
        "Nemotron"
      ],
      "fidelity": 0.44383385301355016
    },
    {
      "pair": [
        "Hermes",
        "Nemotron"
      ],
      "fidelity": 0.4217038839018631
    },
    {
      "pair": [
        "Hermes",
        "SmolLM3"
      ],
      "fidelity": 0.41595214474832665
    },
    {
      "pair": [
        "GLM",
        "SmolLM3"
      ],
      "fidelity": 0.3639853847848028
    }
  ],
  "first_read": "The Qiskit mirror locks the Phase 6 handoff: both mirrored circuits reproduce the PennyLane fidelity structure to numerical precision. `Mistral / Hermes` remains the nearest encoded pair in both Qiskit encodings, so the family/bridge signal is not trapped in the PennyLane implementation.",
  "next_rung": "Bell-state calibration before Bell-type semantic contextuality scoring"
}